%YAML:1.0
---
matrix_l: !!opencv-matrix
   rows: 3
   cols: 3
   dt: d
   data: [ 4.5286421355734961e+02, 0., 4.1290124119323588e+02, 0.,
       4.5263077803628869e+02, 3.3968991161378148e+02, 0., 0., 1. ]
matrix_1: !!opencv-matrix
   rows: 3
   cols: 3
   dt: d
   data: [ 4.5286421355734961e+02, 0., 4.1290124119323588e+02, 0.,
       4.5263077803628869e+02, 3.3968991161378148e+02, 0., 0., 1. ]
dist_l: !!opencv-matrix
   rows: 1
   cols: 5
   dt: d
   data: [ 4.3568269202088505e-02, -6.1557165052644684e-02,
       -2.0207664335827161e-04, 4.0930442659749478e-04,
       6.8205827339266030e-03 ]
dist_1: !!opencv-matrix
   rows: 1
   cols: 5
   dt: d
   data: [ 4.3568269202088505e-02, -6.1557165052644684e-02,
       -2.0207664335827161e-04, 4.0930442659749478e-04,
       6.8205827339266030e-03 ]
rot_1: !!opencv-matrix
   rows: 3
   cols: 3
   dt: d
   data: [ 9.9995950972331138e-01, -8.5673237373135175e-03,
       -2.7531578042199615e-03, 8.5721228120361637e-03,
       9.9996175165527845e-01, 1.7360694118205026e-03,
       2.7381790318096845e-03, -1.7595995247083613e-03,
       9.9999470307852256e-01 ]
pose_1: !!opencv-matrix
   rows: 3
   cols: 4
   dt: d
   data: [ 4.5323505632306694e+02, 0., 4.2469095993041992e+02, 0., 0.,
       4.5323505632306694e+02, 3.5326436996459961e+02, 0., 0., 0., 1.,
       0. ]
matrix_r: !!opencv-matrix
   rows: 3
   cols: 3
   dt: d
   data: [ 4.5383274333032153e+02, 0., 3.8294460578087723e+02, 0.,
       4.5383933460984525e+02, 3.2352592353022942e+02, 0., 0., 1. ]
matrix_2: !!opencv-matrix
   rows: 3
   cols: 3
   dt: d
   data: [ 4.5383274333032153e+02, 0., 3.8294460578087723e+02, 0.,
       4.5383933460984525e+02, 3.2352592353022942e+02, 0., 0., 1. ]
dist_r: !!opencv-matrix
   rows: 1
   cols: 5
   dt: d
   data: [ 3.0950118335200845e-02, -3.6205281428360131e-02,
       5.5096986837926726e-04, -3.6029316182166612e-04,
       -1.4662495517573627e-02 ]
dist_2: !!opencv-matrix
   rows: 1
   cols: 5
   dt: d
   data: [ 3.0950118335200845e-02, -3.6205281428360131e-02,
       5.5096986837926726e-04, -3.6029316182166612e-04,
       -1.4662495517573627e-02 ]
rot_2: !!opencv-matrix
   rows: 3
   cols: 3
   dt: d
   data: [ 9.9995958260360263e-01, 7.0141339722620292e-03,
       -5.6245074315898176e-03, -7.0239359662549383e-03,
       9.9997384422508240e-01, -1.7248736918052581e-03,
       5.6122618230798685e-03, 1.7643101569427282e-03,
       9.9998269471371326e-01 ]
pose_2: !!opencv-matrix
   rows: 3
   cols: 4
   dt: d
   data: [ 4.5323505632306694e+02, 0., 4.2469095993041992e+02,
       -3.4111374494026371e+01, 0., 4.5323505632306694e+02,
       3.5326436996459961e+02, 0., 0., 0., 1., 0. ]
